update TABLE_CHINASTOCKS SET VaR05 = -15921.9961908161,
                             VaR01 = -22256.8898019571,
                              mu = 0.0156441791659604,
                              sd = 0.114946021539299,
                              muUpper = 0.245536222244559,
                              muLower = -0.214247863912638
WHERE CODE = '000001'
